[
	{
		"fx" : 644.76507568359375,
		"fy" : 643.916015625,
		"height" : 720,
		"id" : 0,
		"img_name" : "1729767972.789081",
		"position" : 
		[
			-0,
			0,
			-0
		],
		"rotation" : 
		[
			[
				1,
				-0,
				0
			],
			[
				-0,
				1,
				-0
			],
			[
				0,
				-0,
				1
			]
		],
		"width" : 1280
	},
	{
		"fx" : 644.76507568359375,
		"fy" : 643.916015625,
		"height" : 720,
		"id" : 1,
		"img_name" : "1729767985.626432",
		"position" : 
		[
			0.0033522408921271563,
			-0.01644337922334671,
			0.0038844658993184566
		],
		"rotation" : 
		[
			[
				0.99991810321807861,
				0.010478030890226364,
				0.0073500475846230984
			],
			[
				-0.010391347110271454,
				0.99987715482711792,
				-0.011734399013221264
			],
			[
				-0.0074720978736877441,
				0.01165706105530262,
				0.99990415573120117
			]
		],
		"width" : 1280
	},
	{
		"fx" : 644.76507568359375,
		"fy" : 643.916015625,
		"height" : 720,
		"id" : 2,
		"img_name" : "1729767985.659819",
		"position" : 
		[
			0.0059653096832334995,
			-0.021450590342283249,
			0.0032050036825239658
		],
		"rotation" : 
		[
			[
				0.99998611211776733,
				-0.00017852129531092942,
				0.0052719363011419773
			],
			[
				0.00028376735281199217,
				0.99980056285858154,
				-0.019969454035162926
			],
			[
				-0.0052673197351396084,
				0.019970672205090523,
				0.99978673458099365
			]
		],
		"width" : 1280
	},
	{
		"fx" : 644.76507568359375,
		"fy" : 643.916015625,
		"height" : 720,
		"id" : 3,
		"img_name" : "1729767985.759981",
		"position" : 
		[
			0.014255870133638382,
			-0.035532090812921524,
			0.0026583410799503326
		],
		"rotation" : 
		[
			[
				0.99952781200408936,
				-0.028959019109606743,
				0.010276928544044495
			],
			[
				0.029422128573060036,
				0.99840384721755981,
				-0.048208869993686676
			],
			[
				-0.0088644437491893768,
				0.048488479107618332,
				0.99878442287445068
			]
		],
		"width" : 1280
	},
	{
		"fx" : 644.76507568359375,
		"fy" : 643.916015625,
		"height" : 720,
		"id" : 4,
		"img_name" : "1729767985.826757",
		"position" : 
		[
			0.021377557888627052,
			-0.044801004230976105,
			2.778065754682757e-05
		],
		"rotation" : 
		[
			[
				0.99869590997695923,
				-0.047807700932025909,
				0.017918871715664864
			],
			[
				0.048835434019565582,
				0.99687159061431885,
				-0.062147494405508041
			],
			[
				-0.014891684055328369,
				0.062941521406173706,
				0.9979061484336853
			]
		],
		"width" : 1280
	},
	{
		"fx" : 644.76507568359375,
		"fy" : 643.916015625,
		"height" : 720,
		"id" : 5,
		"img_name" : "1729767985.960312",
		"position" : 
		[
			0.033421531319618225,
			-0.061517532914876938,
			-0.0051436293870210648
		],
		"rotation" : 
		[
			[
				0.99878072738647461,
				-0.03482595831155777,
				0.034988440573215485
			],
			[
				0.036690562963485718,
				0.99785882234573364,
				-0.054144691675901413
			],
			[
				-0.033027879893779755,
				0.055362425744533539,
				0.99791991710662842
			]
		],
		"width" : 1280
	},
	{
		"fx" : 644.76507568359375,
		"fy" : 643.916015625,
		"height" : 720,
		"id" : 6,
		"img_name" : "1729767986.060482",
		"position" : 
		[
			0.039789926260709763,
			-0.071850486099720001,
			-0.0072275958955287933
		],
		"rotation" : 
		[
			[
				0.99941813945770264,
				-0.01600867323577404,
				0.030117392539978027
			],
			[
				0.01625252328813076,
				0.99983698129653931,
				-0.0078693414106965065
			],
			[
				-0.029986502602696419,
				0.0083542447537183762,
				0.9995153546333313
			]
		],
		"width" : 1280
	},
	{
		"fx" : 644.76507568359375,
		"fy" : 643.916015625,
		"height" : 720,
		"id" : 7,
		"img_name" : "1729767986.160653",
		"position" : 
		[
			0.04528900608420372,
			-0.083604536950588226,
			-0.011080690659582615
		],
		"rotation" : 
		[
			[
				0.99970436096191406,
				0.014057441614568233,
				0.019838245585560799
			],
			[
				-0.014768274500966072,
				0.99923717975616455,
				0.036151841282844543
			],
			[
				-0.019314911216497421,
				-0.036434128880500793,
				0.9991493821144104
			]
		],
		"width" : 1280
	},
	{
		"fx" : 644.76507568359375,
		"fy" : 643.916015625,
		"height" : 720,
		"id" : 8,
		"img_name" : "1729767986.427737",
		"position" : 
		[
			0.062726825475692749,
			-0.12535783648490906,
			-0.041452687233686447
		],
		"rotation" : 
		[
			[
				0.99971467256546021,
				0.02262752503156662,
				-0.0076664360240101814
			],
			[
				-0.022735299542546272,
				0.99963968992233276,
				-0.014275185763835907
			],
			[
				0.0073406612500548363,
				0.0144454101100564,
				0.99986881017684937
			]
		],
		"width" : 1280
	},
	{
		"fx" : 644.76507568359375,
		"fy" : 643.916015625,
		"height" : 720,
		"id" : 9,
		"img_name" : "1729767986.561254",
		"position" : 
		[
			0.0723576620221138,
			-0.15017962455749512,
			-0.064867071807384491
		],
		"rotation" : 
		[
			[
				0.99931454658508301,
				0.02998223714530468,
				-0.021712284535169601
			],
			[
				-0.030630374327301979,
				0.99907553195953369,
				-0.030160635709762573
			],
			[
				0.020787930116057396,
				0.030805017799139023,
				0.99930918216705322
			]
		],
		"width" : 1280
	},
	{
		"fx" : 644.76507568359375,
		"fy" : 643.916015625,
		"height" : 720,
		"id" : 10,
		"img_name" : "1729767986.761537",
		"position" : 
		[
			0.085149101912975311,
			-0.18204657733440399,
			-0.1040450781583786
		],
		"rotation" : 
		[
			[
				0.99752980470657349,
				0.056834544986486435,
				-0.041280608624219894
			],
			[
				-0.058741282671689987,
				0.99718743562698364,
				-0.046547021716833115
			],
			[
				0.038519028574228287,
				0.048856917768716812,
				0.99806272983551025
			]
		],
		"width" : 1280
	},
	{
		"fx" : 644.76507568359375,
		"fy" : 643.916015625,
		"height" : 720,
		"id" : 11,
		"img_name" : "1729767986.828299",
		"position" : 
		[
			0.089237712323665619,
			-0.19049660861492157,
			-0.11625760793685913
		],
		"rotation" : 
		[
			[
				0.99729877710342407,
				0.052088569849729538,
				-0.051789205521345139
			],
			[
				-0.055529497563838959,
				0.99618059396743774,
				-0.067386165261268616
			],
			[
				0.048081349581480026,
				0.07007995992898941,
				0.99638199806213379
			]
		],
		"width" : 1280
	},
	{
		"fx" : 644.76507568359375,
		"fy" : 643.916015625,
		"height" : 720,
		"id" : 12,
		"img_name" : "1729767987.128741",
		"position" : 
		[
			0.098605871200561523,
			-0.22007614374160767,
			-0.15148946642875671
		],
		"rotation" : 
		[
			[
				0.99725115299224854,
				0.015504084527492523,
				-0.07245684415102005
			],
			[
				-0.020355191081762314,
				0.99756550788879395,
				-0.066700354218482971
			],
			[
				0.071246303617954254,
				0.067991867661476135,
				0.99513882398605347
			]
		],
		"width" : 1280
	},
	{
		"fx" : 644.76507568359375,
		"fy" : 643.916015625,
		"height" : 720,
		"id" : 13,
		"img_name" : "1729767987.195507",
		"position" : 
		[
			0.097392253577709198,
			-0.2209983766078949,
			-0.15421256422996521
		],
		"rotation" : 
		[
			[
				0.99675071239471436,
				0.013393931090831757,
				-0.079427644610404968
			],
			[
				-0.019965404644608498,
				0.99638879299163818,
				-0.08252754807472229
			],
			[
				0.078035444021224976,
				0.083845190703868866,
				0.99341857433319092
			]
		],
		"width" : 1280
	},
	{
		"fx" : 644.76507568359375,
		"fy" : 643.916015625,
		"height" : 720,
		"id" : 14,
		"img_name" : "1729767987.329043",
		"position" : 
		[
			0.096668131649494171,
			-0.23396338522434235,
			-0.16317057609558105
		],
		"rotation" : 
		[
			[
				0.99493736028671265,
				0.01603877916932106,
				-0.099208652973175049
			],
			[
				-0.028863079845905304,
				0.99119627475738525,
				-0.12921634316444397
			],
			[
				0.096262767910957336,
				0.1314256489276886,
				0.98664116859436035
			]
		],
		"width" : 1280
	},
	{
		"fx" : 644.76507568359375,
		"fy" : 643.916015625,
		"height" : 720,
		"id" : 15,
		"img_name" : "1729767987.429054",
		"position" : 
		[
			0.093065641820430756,
			-0.24116368591785431,
			-0.16252659261226654
		],
		"rotation" : 
		[
			[
				0.99523288011550903,
				0.049723099917173386,
				-0.083899028599262238
			],
			[
				-0.06086118146777153,
				0.98885071277618408,
				-0.13590541481971741
			],
			[
				0.076205968856811523,
				0.14036373794078827,
				0.98716294765472412
			]
		],
		"width" : 1280
	},
	{
		"fx" : 644.76507568359375,
		"fy" : 643.916015625,
		"height" : 720,
		"id" : 16,
		"img_name" : "1729767987.562353",
		"position" : 
		[
			0.095552220940589905,
			-0.25528910756111145,
			-0.16751874983310699
		],
		"rotation" : 
		[
			[
				0.9947541356086731,
				0.090760998427867889,
				-0.047188371419906616
			],
			[
				-0.096586279571056366,
				0.98528498411178589,
				-0.14101231098175049
			],
			[
				0.033695578575134277,
				0.14483030140399933,
				0.98888260126113892
			]
		],
		"width" : 1280
	},
	{
		"fx" : 644.76507568359375,
		"fy" : 643.916015625,
		"height" : 720,
		"id" : 17,
		"img_name" : "1729767987.795627",
		"position" : 
		[
			0.10125400871038437,
			-0.27193456888198853,
			-0.16976997256278992
		],
		"rotation" : 
		[
			[
				0.99692666530609131,
				0.078197263181209564,
				-0.0047401641495525837
			],
			[
				-0.078148461878299713,
				0.98841965198516846,
				-0.13007508218288422
			],
			[
				-0.0054862448014318943,
				0.13004575669765472,
				0.9914928674697876
			]
		],
		"width" : 1280
	},
	{
		"fx" : 644.76507568359375,
		"fy" : 643.916015625,
		"height" : 720,
		"id" : 18,
		"img_name" : "1729767988.295500",
		"position" : 
		[
			0.09037405252456665,
			-0.29086607694625854,
			-0.1793091744184494
		],
		"rotation" : 
		[
			[
				0.99793964624404907,
				0.014860871247947216,
				-0.062416397035121918
			],
			[
				-0.022326694801449776,
				0.99244099855422974,
				-0.1206759512424469
			],
			[
				0.060151234269142151,
				0.1218208521604538,
				0.99072784185409546
			]
		],
		"width" : 1280
	},
	{
		"fx" : 644.76507568359375,
		"fy" : 643.916015625,
		"height" : 720,
		"id" : 19,
		"img_name" : "1729767988.795002",
		"position" : 
		[
			0.075607083737850189,
			-0.28812062740325928,
			-0.18929991126060486
		],
		"rotation" : 
		[
			[
				0.98880559206008911,
				0.015569964423775673,
				-0.14839564263820648
			],
			[
				-0.030247842893004417,
				0.99480777978897095,
				-0.097173422574996948
			],
			[
				0.14611214399337769,
				0.10057426244020462,
				0.98414236307144165
			]
		],
		"width" : 1280
	},
	{
		"fx" : 644.76507568359375,
		"fy" : 643.916015625,
		"height" : 720,
		"id" : 20,
		"img_name" : "1729767989.261055",
		"position" : 
		[
			0.07314000278711319,
			-0.28386124968528748,
			-0.1954265832901001
		],
		"rotation" : 
		[
			[
				0.98302549123764038,
				0.022482782602310181,
				-0.1820860356092453
			],
			[
				-0.036537233740091324,
				0.99657362699508667,
				-0.074202738702297211
			],
			[
				0.17979386448860168,
				0.07959611713886261,
				0.98047882318496704
			]
		],
		"width" : 1280
	},
	{
		"fx" : 644.76507568359375,
		"fy" : 643.916015625,
		"height" : 720,
		"id" : 21,
		"img_name" : "1729767991.025525",
		"position" : 
		[
			0.086960203945636749,
			-0.26634466648101807,
			-0.21242716908454895
		],
		"rotation" : 
		[
			[
				0.96490687131881714,
				0.043647505342960358,
				-0.25893992185592651
			],
			[
				-0.051011741161346436,
				0.99846053123474121,
				-0.021786024793982506
			],
			[
				0.25759035348892212,
				0.034230459481477737,
				0.96564781665802002
			]
		],
		"width" : 1280
	},
	{
		"fx" : 644.76507568359375,
		"fy" : 643.916015625,
		"height" : 720,
		"id" : 22,
		"img_name" : "1729767994.755159",
		"position" : 
		[
			0.08435705304145813,
			-0.24430432915687561,
			-0.21637159585952759
		],
		"rotation" : 
		[
			[
				0.93603086471557617,
				0.052161045372486115,
				-0.34803089499473572
			],
			[
				-0.032036781311035156,
				0.99747806787490845,
				0.063333690166473389
			],
			[
				0.35045671463012695,
				-0.048132497817277908,
				0.93534135818481445
			]
		],
		"width" : 1280
	},
	{
		"fx" : 644.76507568359375,
		"fy" : 643.916015625,
		"height" : 720,
		"id" : 23,
		"img_name" : "1729767996.990234",
		"position" : 
		[
			0.17173537611961365,
			-0.24290305376052856,
			-0.28319558501243591
		],
		"rotation" : 
		[
			[
				0.92811679840087891,
				0.020761910825967789,
				-0.37170988321304321
			],
			[
				0.0063977949321269989,
				0.99740684032440186,
				0.071684852242469788
			],
			[
				0.37223431468009949,
				-0.068910039961338043,
				0.92557710409164429
			]
		],
		"width" : 1280
	},
	{
		"fx" : 644.76507568359375,
		"fy" : 643.916015625,
		"height" : 720,
		"id" : 24,
		"img_name" : "1729767999.159470",
		"position" : 
		[
			0.1085125207901001,
			-0.22976361215114594,
			-0.33027395606040955
		],
		"rotation" : 
		[
			[
				0.9654090404510498,
				0.067261144518852234,
				-0.25191527605056763
			],
			[
				-0.041948195546865463,
				0.99363535642623901,
				0.10454259812831879
			],
			[
				0.257343590259552,
				-0.090358972549438477,
				0.96208608150482178
			]
		],
		"width" : 1280
	},
	{
		"fx" : 644.76507568359375,
		"fy" : 643.916015625,
		"height" : 720,
		"id" : 25,
		"img_name" : "1729768000.326609",
		"position" : 
		[
			0.19985245168209076,
			-0.2189585417509079,
			-0.40109804272651672
		],
		"rotation" : 
		[
			[
				0.95784372091293335,
				0.073407627642154694,
				-0.27775326371192932
			],
			[
				-0.061448864638805389,
				0.99677914381027222,
				0.051530569791793823
			],
			[
				0.28064137697219849,
				-0.032290615141391754,
				0.95926940441131592
			]
		],
		"width" : 1280
	},
	{
		"fx" : 644.76507568359375,
		"fy" : 643.916015625,
		"height" : 720,
		"id" : 26,
		"img_name" : "1729768001.127326",
		"position" : 
		[
			0.27520424127578735,
			-0.21498316526412964,
			-0.44524303078651428
		],
		"rotation" : 
		[
			[
				0.94637864828109741,
				0.053136840462684631,
				-0.31865951418876648
			],
			[
				-0.046738151460886002,
				0.9985230565071106,
				0.027698444202542305
			],
			[
				0.3196607232093811,
				-0.011319657787680626,
				0.9474644660949707
			]
		],
		"width" : 1280
	},
	{
		"fx" : 644.76507568359375,
		"fy" : 643.916015625,
		"height" : 720,
		"id" : 27,
		"img_name" : "1729768001.894230",
		"position" : 
		[
			0.32243290543556213,
			-0.21257750689983368,
			-0.49772021174430847
		],
		"rotation" : 
		[
			[
				0.93852120637893677,
				0.047727242112159729,
				-0.34190645813941956
			],
			[
				-0.054558373987674713,
				0.99845653772354126,
				-0.010384762659668922
			],
			[
				0.34088310599327087,
				0.028400180861353874,
				0.93967664241790771
			]
		],
		"width" : 1280
	},
	{
		"fx" : 644.76507568359375,
		"fy" : 643.916015625,
		"height" : 720,
		"id" : 28,
		"img_name" : "1729768003.127507",
		"position" : 
		[
			0.3896353542804718,
			-0.20503264665603638,
			-0.5185057520866394
		],
		"rotation" : 
		[
			[
				0.95854336023330688,
				0.060004726052284241,
				-0.27855727076530457
			],
			[
				-0.069989390671253204,
				0.9972081184387207,
				-0.026029344648122787
			],
			[
				0.27621766924858093,
				0.044446304440498352,
				0.96006679534912109
			]
		],
		"width" : 1280
	},
	{
		"fx" : 644.76507568359375,
		"fy" : 643.916015625,
		"height" : 720,
		"id" : 29,
		"img_name" : "1729768004.493166",
		"position" : 
		[
			0.4604513943195343,
			-0.18120591342449188,
			-0.49848398566246033
		],
		"rotation" : 
		[
			[
				0.93885898590087891,
				0.025399072095751762,
				-0.34336414933204651
			],
			[
				-0.031648654490709305,
				0.9994196891784668,
				-0.012608472257852554
			],
			[
				0.34284460544586182,
				0.022704588249325752,
				0.93911778926849365
			]
		],
		"width" : 1280
	},
	{
		"fx" : 644.76507568359375,
		"fy" : 643.916015625,
		"height" : 720,
		"id" : 30,
		"img_name" : "1729768004.993809",
		"position" : 
		[
			0.51580679416656494,
			-0.170577272772789,
			-0.47683063149452209
		],
		"rotation" : 
		[
			[
				0.92286419868469238,
				0.058530732989311218,
				-0.38065174221992493
			],
			[
				-0.064194284379482269,
				0.99793505668640137,
				-0.0021876655519008636
			],
			[
				0.37973764538764954,
				0.026454584673047066,
				0.92471587657928467
			]
		],
		"width" : 1280
	},
	{
		"fx" : 644.76507568359375,
		"fy" : 643.916015625,
		"height" : 720,
		"id" : 31,
		"img_name" : "1729768005.560914",
		"position" : 
		[
			0.57889449596405029,
			-0.16286461055278778,
			-0.47944921255111694
		],
		"rotation" : 
		[
			[
				0.91134971380233765,
				0.024998245760798454,
				-0.41087314486503601
			],
			[
				-0.030153486877679825,
				0.99952679872512817,
				-0.0060698818415403366
			],
			[
				0.41052705049514771,
				0.017921043559908867,
				0.91167229413986206
			]
		],
		"width" : 1280
	},
	{
		"fx" : 644.76507568359375,
		"fy" : 643.916015625,
		"height" : 720,
		"id" : 32,
		"img_name" : "1729768006.226605",
		"position" : 
		[
			0.67602592706680298,
			-0.1445009708404541,
			-0.5341828465461731
		],
		"rotation" : 
		[
			[
				0.90286737680435181,
				0.045681126415729523,
				-0.42748528718948364
			],
			[
				-0.052443444728851318,
				0.99861568212509155,
				-0.0040506478399038315
			],
			[
				0.42670845985412598,
				0.026076000183820724,
				0.90401327610015869
			]
		],
		"width" : 1280
	},
	{
		"fx" : 644.76507568359375,
		"fy" : 643.916015625,
		"height" : 720,
		"id" : 33,
		"img_name" : "1729768006.860017",
		"position" : 
		[
			0.72970676422119141,
			-0.13022623956203461,
			-0.54784870147705078
		],
		"rotation" : 
		[
			[
				0.92213988304138184,
				0.044316265732049942,
				-0.38431018590927124
			],
			[
				-0.04372093454003334,
				0.99899089336395264,
				0.010290450416505337
			],
			[
				0.38437837362289429,
				0.0073131648823618889,
				0.92314678430557251
			]
		],
		"width" : 1280
	},
	{
		"fx" : 644.76507568359375,
		"fy" : 643.916015625,
		"height" : 720,
		"id" : 34,
		"img_name" : "1729768007.594090",
		"position" : 
		[
			0.77175796031951904,
			-0.12447066605091095,
			-0.52909219264984131
		],
		"rotation" : 
		[
			[
				0.95846539735794067,
				0.034098714590072632,
				-0.28316327929496765
			],
			[
				-0.027514610439538956,
				0.99925130605697632,
				0.02719767764210701
			],
			[
				0.28387868404388428,
				-0.01827690377831459,
				0.95868605375289917
			]
		],
		"width" : 1280
	},
	{
		"fx" : 644.76507568359375,
		"fy" : 643.916015625,
		"height" : 720,
		"id" : 35,
		"img_name" : "1729768007.894332",
		"position" : 
		[
			0.78779447078704834,
			-0.1180310994386673,
			-0.51665985584259033
		],
		"rotation" : 
		[
			[
				0.97114336490631104,
				0.032693091779947281,
				-0.23624493181705475
			],
			[
				-0.0225693229585886,
				0.99871253967285156,
				0.045431450009346008
			],
			[
				0.2374260425567627,
				-0.038788560777902603,
				0.97063088417053223
			]
		],
		"width" : 1280
	},
	{
		"fx" : 644.76507568359375,
		"fy" : 643.916015625,
		"height" : 720,
		"id" : 36,
		"img_name" : "1729768008.294662",
		"position" : 
		[
			0.80445873737335205,
			-0.11310618370771408,
			-0.50379949808120728
		],
		"rotation" : 
		[
			[
				0.98172980546951294,
				0.036909922957420349,
				-0.18666605651378632
			],
			[
				-0.0268358513712883,
				0.99805814027786255,
				0.056211017072200775
			],
			[
				0.18837833404541016,
				-0.050174690783023834,
				0.98081398010253906
			]
		],
		"width" : 1280
	},
	{
		"fx" : 644.76507568359375,
		"fy" : 643.916015625,
		"height" : 720,
		"id" : 37,
		"img_name" : "1729768008.828338",
		"position" : 
		[
			0.81407827138900757,
			-0.11401696503162384,
			-0.48886844515800476
		],
		"rotation" : 
		[
			[
				0.98787087202072144,
				0.037942949682474136,
				-0.15057022869586945
			],
			[
				-0.029415857046842575,
				0.99785619974136353,
				0.05846133828163147
			],
			[
				0.15246564149856567,
				-0.053323104977607727,
				0.986869215965271
			]
		],
		"width" : 1280
	},
	{
		"fx" : 644.76507568359375,
		"fy" : 643.916015625,
		"height" : 720,
		"id" : 38,
		"img_name" : "1729768011.961049",
		"position" : 
		[
			0.81764453649520874,
			-0.095163129270076752,
			-0.4877108633518219
		],
		"rotation" : 
		[
			[
				0.88449651002883911,
				0.14106760919094086,
				-0.44470897316932678
			],
			[
				-0.17114704847335815,
				0.98484784364700317,
				-0.027993220835924149
			],
			[
				0.43402168154716492,
				0.1008705273270607,
				0.89523768424987793
			]
		],
		"width" : 1280
	},
	{
		"fx" : 644.76507568359375,
		"fy" : 643.916015625,
		"height" : 720,
		"id" : 39,
		"img_name" : "1729768012.593819",
		"position" : 
		[
			0.84335732460021973,
			-0.053216766566038132,
			-0.49973475933074951
		],
		"rotation" : 
		[
			[
				0.89679789543151855,
				0.18516920506954193,
				-0.40182793140411377
			],
			[
				-0.19536039233207703,
				0.98060297966003418,
				0.015874059870839119
			],
			[
				0.39697310328483582,
				0.064265452325344086,
				0.9155774712562561
			]
		],
		"width" : 1280
	},
	{
		"fx" : 644.76507568359375,
		"fy" : 643.916015625,
		"height" : 720,
		"id" : 40,
		"img_name" : "1729768013.126129",
		"position" : 
		[
			0.86712813377380371,
			-0.037617232650518417,
			-0.55968767404556274
		],
		"rotation" : 
		[
			[
				0.93754512071609497,
				0.18543034791946411,
				-0.29432076215744019
			],
			[
				-0.19587615132331848,
				0.98060935735702515,
				-0.0061429552733898163
			],
			[
				0.28747460246086121,
				0.063409715890884399,
				0.95568698644638062
			]
		],
		"width" : 1280
	},
	{
		"fx" : 644.76507568359375,
		"fy" : 643.916015625,
		"height" : 720,
		"id" : 41,
		"img_name" : "1729768013.525425",
		"position" : 
		[
			0.88359159231185913,
			-0.026641245931386948,
			-0.65653532743453979
		],
		"rotation" : 
		[
			[
				0.94806557893753052,
				0.17275963723659515,
				-0.26706889271736145
			],
			[
				-0.18735361099243164,
				0.98183548450469971,
				-0.02996223047375679
			],
			[
				0.25704145431518555,
				0.078442484140396118,
				0.96321159601211548
			]
		],
		"width" : 1280
	},
	{
		"fx" : 644.76507568359375,
		"fy" : 643.916015625,
		"height" : 720,
		"id" : 42,
		"img_name" : "1729768014.193450",
		"position" : 
		[
			0.89920055866241455,
			-0.014959648251533508,
			-0.79424953460693359
		],
		"rotation" : 
		[
			[
				0.92591613531112671,
				0.1944815069437027,
				-0.32381522655487061
			],
			[
				-0.24054402112960815,
				0.96455448865890503,
				-0.10850504785776138
			],
			[
				0.29123517870903015,
				0.17835839092731476,
				0.93987786769866943
			]
		],
		"width" : 1280
	},
	{
		"fx" : 644.76507568359375,
		"fy" : 643.916015625,
		"height" : 720,
		"id" : 43,
		"img_name" : "1729768015.460367",
		"position" : 
		[
			0.92740392684936523,
			0.016439247876405716,
			-0.8564988374710083
		],
		"rotation" : 
		[
			[
				0.85681670904159546,
				0.1876569539308548,
				-0.48026049137115479
			],
			[
				-0.25183072686195374,
				0.96507513523101807,
				-0.072189375758171082
			],
			[
				0.44994059205055237,
				0.18279740214347839,
				0.87415021657943726
			]
		],
		"width" : 1280
	},
	{
		"fx" : 644.76507568359375,
		"fy" : 643.916015625,
		"height" : 720,
		"id" : 44,
		"img_name" : "1729768017.591640",
		"position" : 
		[
			1.0191212892532349,
			-0.0035402276553213596,
			-0.92119228839874268
		],
		"rotation" : 
		[
			[
				0.76967370510101318,
				0.1532270759344101,
				-0.6197773814201355
			],
			[
				-0.22177305817604065,
				0.97448831796646118,
				-0.03448798879981041
			],
			[
				0.59868127107620239,
				0.16399440169334412,
				0.78401964902877808
			]
		],
		"width" : 1280
	},
	{
		"fx" : 644.76507568359375,
		"fy" : 643.916015625,
		"height" : 720,
		"id" : 45,
		"img_name" : "1729768018.690065",
		"position" : 
		[
			1.0557103157043457,
			-0.040686376392841339,
			-0.9952923059463501
		],
		"rotation" : 
		[
			[
				0.73316538333892822,
				0.15496514737606049,
				-0.66215884685516357
			],
			[
				-0.20219096541404724,
				0.97933167219161987,
				0.0053202956914901733
			],
			[
				0.64929753541946411,
				0.12998186051845551,
				0.74934470653533936
			]
		],
		"width" : 1280
	},
	{
		"fx" : 644.76507568359375,
		"fy" : 643.916015625,
		"height" : 720,
		"id" : 46,
		"img_name" : "1729768019.488878",
		"position" : 
		[
			1.049389123916626,
			-0.067428052425384521,
			-1.062221884727478
		],
		"rotation" : 
		[
			[
				0.67825448513031006,
				0.19162143766880035,
				-0.70940268039703369
			],
			[
				-0.23996132612228394,
				0.97023332118988037,
				0.032650906592607498
			],
			[
				0.69454264640808105,
				0.14808358252048492,
				0.70404678583145142
			]
		],
		"width" : 1280
	},
	{
		"fx" : 644.76507568359375,
		"fy" : 643.916015625,
		"height" : 720,
		"id" : 47,
		"img_name" : "1729768020.387594",
		"position" : 
		[
			1.0625759363174438,
			-0.06877223402261734,
			-1.0859216451644897
		],
		"rotation" : 
		[
			[
				0.60413986444473267,
				0.22843319177627563,
				-0.76343506574630737
			],
			[
				-0.28835871815681458,
				0.9557766318321228,
				0.057794205844402313
			],
			[
				0.74287563562393188,
				0.18522737920284271,
				0.64329349994659424
			]
		],
		"width" : 1280
	},
	{
		"fx" : 644.76507568359375,
		"fy" : 643.916015625,
		"height" : 720,
		"id" : 48,
		"img_name" : "1729768021.687265",
		"position" : 
		[
			1.0779557228088379,
			-0.12686550617218018,
			-1.0808087587356567
		],
		"rotation" : 
		[
			[
				0.64192080497741699,
				0.22996249794960022,
				-0.73147457838058472
			],
			[
				-0.25835925340652466,
				0.96305185556411743,
				0.076037660241127014
			],
			[
				0.72193372249603271,
				0.1401730477809906,
				0.67761588096618652
			]
		],
		"width" : 1280
	},
	{
		"fx" : 644.76507568359375,
		"fy" : 643.916015625,
		"height" : 720,
		"id" : 49,
		"img_name" : "1729768022.519607",
		"position" : 
		[
			1.0757749080657959,
			-0.20382964611053467,
			-1.0644909143447876
		],
		"rotation" : 
		[
			[
				0.63709819316864014,
				0.21296685934066772,
				-0.74077731370925903
			],
			[
				-0.26164078712463379,
				0.96376073360443115,
				0.052051037549972534
			],
			[
				0.72501730918884277,
				0.16065594553947449,
				0.66973096132278442
			]
		],
		"width" : 1280
	},
	{
		"fx" : 644.76507568359375,
		"fy" : 643.916015625,
		"height" : 720,
		"id" : 50,
		"img_name" : "1729768023.419858",
		"position" : 
		[
			1.0702759027481079,
			-0.24746143817901611,
			-1.0521301031112671
		],
		"rotation" : 
		[
			[
				0.64273750782012939,
				0.22202663123607635,
				-0.73320704698562622
			],
			[
				-0.29340043663978577,
				0.95544970035552979,
				0.032127074897289276
			],
			[
				0.7076755166053772,
				0.19447401165962219,
				0.67924600839614868
			]
		],
		"width" : 1280
	},
	{
		"fx" : 644.76507568359375,
		"fy" : 643.916015625,
		"height" : 720,
		"id" : 51,
		"img_name" : "1729768024.787308",
		"position" : 
		[
			1.0716221332550049,
			-0.26418042182922363,
			-1.0545487403869629
		],
		"rotation" : 
		[
			[
				0.60611295700073242,
				0.21162126958370209,
				-0.76670950651168823
			],
			[
				-0.26460728049278259,
				0.96269774436950684,
				0.056534327566623688
			],
			[
				0.75007331371307373,
				0.16861072182655334,
				0.63950014114379883
			]
		],
		"width" : 1280
	},
	{
		"fx" : 644.76507568359375,
		"fy" : 643.916015625,
		"height" : 720,
		"id" : 52,
		"img_name" : "1729768026.055112",
		"position" : 
		[
			1.0633271932601929,
			-0.27264246344566345,
			-1.0603020191192627
		],
		"rotation" : 
		[
			[
				0.45828089118003845,
				0.098518311977386475,
				-0.88333064317703247
			],
			[
				-0.14677608013153076,
				0.98858159780502319,
				0.034108083695173264
			],
			[
				0.87660461664199829,
				0.11402072012424469,
				0.46750810742378235
			]
		],
		"width" : 1280
	},
	{
		"fx" : 644.76507568359375,
		"fy" : 643.916015625,
		"height" : 720,
		"id" : 53,
		"img_name" : "1729768026.288707",
		"position" : 
		[
			1.0485304594039917,
			-0.28000044822692871,
			-1.0650937557220459
		],
		"rotation" : 
		[
			[
				0.38187995553016663,
				0.14047272503376007,
				-0.91347420215606689
			],
			[
				-0.18580631911754608,
				0.97987043857574463,
				0.073006302118301392
			],
			[
				0.9053417444229126,
				0.14184963703155518,
				0.40029364824295044
			]
		],
		"width" : 1280
	},
	{
		"fx" : 644.76507568359375,
		"fy" : 643.916015625,
		"height" : 720,
		"id" : 54,
		"img_name" : "1729768026.956613",
		"position" : 
		[
			1.0541291236877441,
			-0.27944788336753845,
			-1.0618056058883667
		],
		"rotation" : 
		[
			[
				0.29306629300117493,
				0.090411126613616943,
				-0.95180785655975342
			],
			[
				-0.17592757940292358,
				0.98361986875534058,
				0.039263948798179626
			],
			[
				0.93976688385009766,
				0.15594229102134705,
				0.30417162179946899
			]
		],
		"width" : 1280
	},
	{
		"fx" : 644.76507568359375,
		"fy" : 643.916015625,
		"height" : 720,
		"id" : 55,
		"img_name" : "1729768028.257591",
		"position" : 
		[
			1.0225443840026855,
			-0.28204330801963806,
			-1.0568975210189819
		],
		"rotation" : 
		[
			[
				0.18183435499668121,
				0.21476124227046967,
				-0.95959055423736572
			],
			[
				-0.10002557933330536,
				0.97483676671981812,
				0.19921940565109253
			],
			[
				0.97822868824005127,
				0.059758666902780533,
				0.19874043762683868
			]
		],
		"width" : 1280
	},
	{
		"fx" : 644.76507568359375,
		"fy" : 643.916015625,
		"height" : 720,
		"id" : 56,
		"img_name" : "1729768028.624328",
		"position" : 
		[
			1.0121617317199707,
			-0.28369009494781494,
			-1.0583868026733398
		],
		"rotation" : 
		[
			[
				0.14509975910186768,
				0.2843383252620697,
				-0.94768017530441284
			],
			[
				-0.14357605576515198,
				0.95372951030731201,
				0.26417034864425659
			],
			[
				0.97894436120986938,
				0.097733132541179657,
				0.17921009659767151
			]
		],
		"width" : 1280
	},
	{
		"fx" : 644.76507568359375,
		"fy" : 643.916015625,
		"height" : 720,
		"id" : 57,
		"img_name" : "1729768030.997008",
		"position" : 
		[
			0.97895526885986328,
			-0.34715637564659119,
			-1.0275242328643799
		],
		"rotation" : 
		[
			[
				0.18785935640335083,
				0.30266335606575012,
				-0.93440026044845581
			],
			[
				-0.10377663373947144,
				0.95212924480438232,
				0.28754189610481262
			],
			[
				0.97669816017150879,
				0.042951468378305435,
				0.21027576923370361
			]
		],
		"width" : 1280
	},
	{
		"fx" : 644.76507568359375,
		"fy" : 643.916015625,
		"height" : 720,
		"id" : 58,
		"img_name" : "1729768031.464555",
		"position" : 
		[
			0.98810005187988281,
			-0.41061612963676453,
			-0.99060904979705811
		],
		"rotation" : 
		[
			[
				0.27867311239242554,
				0.36888095736503601,
				-0.88671767711639404
			],
			[
				-0.075188010931015015,
				0.92883890867233276,
				0.36277401447296143
			],
			[
				0.95743829011917114,
				-0.034424826502799988,
				0.28657785058021545
			]
		],
		"width" : 1280
	},
	{
		"fx" : 644.76507568359375,
		"fy" : 643.916015625,
		"height" : 720,
		"id" : 59,
		"img_name" : "1729768031.664612",
		"position" : 
		[
			0.98537909984588623,
			-0.42243227362632751,
			-0.98074436187744141
		],
		"rotation" : 
		[
			[
				0.29809007048606873,
				0.39990991353988647,
				-0.86672621965408325
			],
			[
				-0.061768822371959686,
				0.91418462991714478,
				0.40056341886520386
			],
			[
				0.95253705978393555,
				-0.065867327153682709,
				0.29721134901046753
			]
		],
		"width" : 1280
	},
	{
		"fx" : 644.76507568359375,
		"fy" : 643.916015625,
		"height" : 720,
		"id" : 60,
		"img_name" : "1729768031.931033",
		"position" : 
		[
			0.97400963306427002,
			-0.43959498405456543,
			-0.97300952672958374
		],
		"rotation" : 
		[
			[
				0.26446768641471863,
				0.44323968887329102,
				-0.85650187730789185
			],
			[
				-0.017320223152637482,
				0.89016366004943848,
				0.45531162619590759
			],
			[
				0.96423900127410889,
				-0.10558042675256729,
				0.24309656023979187
			]
		],
		"width" : 1280
	},
	{
		"fx" : 644.76507568359375,
		"fy" : 643.916015625,
		"height" : 720,
		"id" : 61,
		"img_name" : "1729768033.331585",
		"position" : 
		[
			1.011877179145813,
			-0.50274139642715454,
			-1.0203279256820679
		],
		"rotation" : 
		[
			[
				0.29329836368560791,
				0.41805323958396912,
				-0.85977184772491455
			],
			[
				-0.077057525515556335,
				0.90673476457595825,
				0.41460129618644714
			],
			[
				0.95291042327880859,
				-0.05534999817609787,
				0.2981579601764679
			]
		],
		"width" : 1280
	},
	{
		"fx" : 644.76507568359375,
		"fy" : 643.916015625,
		"height" : 720,
		"id" : 62,
		"img_name" : "1729768034.199426",
		"position" : 
		[
			1.0098917484283447,
			-0.54626786708831787,
			-1.1064400672912598
		],
		"rotation" : 
		[
			[
				0.23539824783802032,
				0.36699926853179932,
				-0.899944007396698
			],
			[
				-0.16409701108932495,
				0.92767882347106934,
				0.33538678288459778
			],
			[
				0.95794564485549927,
				0.068728677928447723,
				0.27859747409820557
			]
		],
		"width" : 1280
	},
	{
		"fx" : 644.76507568359375,
		"fy" : 643.916015625,
		"height" : 720,
		"id" : 63,
		"img_name" : "1729768034.499829",
		"position" : 
		[
			0.99308717250823975,
			-0.54436761140823364,
			-1.1219344139099121
		],
		"rotation" : 
		[
			[
				0.1992165595293045,
				0.36440360546112061,
				-0.90968281030654907
			],
			[
				-0.17810948193073273,
				0.92629289627075195,
				0.332052081823349
			],
			[
				0.96363359689712524,
				0.095872856676578522,
				0.24943658709526062
			]
		],
		"width" : 1280
	},
	{
		"fx" : 644.76507568359375,
		"fy" : 643.916015625,
		"height" : 720,
		"id" : 64,
		"img_name" : "1729768034.966815",
		"position" : 
		[
			0.95004016160964966,
			-0.53576880693435669,
			-1.1523711681365967
		],
		"rotation" : 
		[
			[
				0.124245285987854,
				0.38723713159561157,
				-0.91357016563415527
			],
			[
				-0.20185494422912598,
				0.91131561994552612,
				0.35882925987243652
			],
			[
				0.97150284051895142,
				0.13982580602169037,
				0.19139239192008972
			]
		],
		"width" : 1280
	},
	{
		"fx" : 644.76507568359375,
		"fy" : 643.916015625,
		"height" : 720,
		"id" : 65,
		"img_name" : "1729768035.567147",
		"position" : 
		[
			0.93447726964950562,
			-0.53841137886047363,
			-1.1958709955215454
		],
		"rotation" : 
		[
			[
				0.062258981168270111,
				0.39129272103309631,
				-0.91815793514251709
			],
			[
				-0.2430865466594696,
				0.89818453788757324,
				0.36629724502563477
			],
			[
				0.96800458431243896,
				0.20038653910160065,
				0.1510380357503891
			]
		],
		"width" : 1280
	},
	{
		"fx" : 644.76507568359375,
		"fy" : 643.916015625,
		"height" : 720,
		"id" : 66,
		"img_name" : "1729768036.132955",
		"position" : 
		[
			0.91917204856872559,
			-0.54049146175384521,
			-1.2153743505477905
		],
		"rotation" : 
		[
			[
				0.011401756666600704,
				0.40675333142280579,
				-0.91346675157546997
			],
			[
				-0.26317664980888367,
				0.88253861665725708,
				0.38969656825065613
			],
			[
				0.9646802544593811,
				0.23595991730690002,
				0.1171104833483696
			]
		],
		"width" : 1280
	},
	{
		"fx" : 644.76507568359375,
		"fy" : 643.916015625,
		"height" : 720,
		"id" : 67,
		"img_name" : "1729768036.432422",
		"position" : 
		[
			0.9045947790145874,
			-0.54415106773376465,
			-1.2184361219406128
		],
		"rotation" : 
		[
			[
				-0.00350189208984375,
				0.42645290493965149,
				-0.9045029878616333
			],
			[
				-0.25737607479095459,
				0.87365204095840454,
				0.41290390491485596
			],
			[
				0.96630501747131348,
				0.23424337804317474,
				0.10669934749603271
			]
		],
		"width" : 1280
	},
	{
		"fx" : 644.76507568359375,
		"fy" : 643.916015625,
		"height" : 720,
		"id" : 68,
		"img_name" : "1729768037.366122",
		"position" : 
		[
			0.87959712743759155,
			-0.56808525323867798,
			-1.1927952766418457
		],
		"rotation" : 
		[
			[
				0.044840369373559952,
				0.44454276561737061,
				-0.89463460445404053
			],
			[
				-0.16568420827388763,
				0.88644224405288696,
				0.43216767907142639
			],
			[
				0.98515892028808594,
				0.12884826958179474,
				0.1134020984172821
			]
		],
		"width" : 1280
	},
	{
		"fx" : 644.76507568359375,
		"fy" : 643.916015625,
		"height" : 720,
		"id" : 69,
		"img_name" : "1729768037.866488",
		"position" : 
		[
			0.87998586893081665,
			-0.58128857612609863,
			-1.1408953666687012
		],
		"rotation" : 
		[
			[
				0.022740300744771957,
				0.42470371723175049,
				-0.90504682064056396
			],
			[
				-0.12371178716421127,
				0.89951848983764648,
				0.41900113224983215
			],
			[
				0.99205762147903442,
				0.10243674367666245,
				0.072996176779270172
			]
		],
		"width" : 1280
	},
	{
		"fx" : 644.76507568359375,
		"fy" : 643.916015625,
		"height" : 720,
		"id" : 70,
		"img_name" : "1729768038.266729",
		"position" : 
		[
			0.85657191276550293,
			-0.57272368669509888,
			-1.1314448118209839
		],
		"rotation" : 
		[
			[
				0.01410706527531147,
				0.46036878228187561,
				-0.88761579990386963
			],
			[
				-0.13962595164775848,
				0.87991368770599365,
				0.45415496826171875
			],
			[
				0.99010390043258667,
				0.11752738058567047,
				0.07669241726398468
			]
		],
		"width" : 1280
	},
	{
		"fx" : 644.76507568359375,
		"fy" : 643.916015625,
		"height" : 720,
		"id" : 71,
		"img_name" : "1729768038.666815",
		"position" : 
		[
			0.83938908576965332,
			-0.58087694644927979,
			-1.1817678213119507
		],
		"rotation" : 
		[
			[
				0.20935462415218353,
				0.43062835931777954,
				-0.87791222333908081
			],
			[
				-0.10069313645362854,
				0.90252900123596191,
				0.41869109869003296
			],
			[
				0.97264158725738525,
				0.00074482709169387817,
				0.23230993747711182
			]
		],
		"width" : 1280
	},
	{
		"fx" : 644.76507568359375,
		"fy" : 643.916015625,
		"height" : 720,
		"id" : 72,
		"img_name" : "1729768038.932938",
		"position" : 
		[
			0.82456988096237183,
			-0.59030723571777344,
			-1.2381802797317505
		],
		"rotation" : 
		[
			[
				0.36669304966926575,
				0.45240104198455811,
				-0.81293880939483643
			],
			[
				-0.13897323608398438,
				0.89063858985900879,
				0.43295428156852722
			],
			[
				0.91990363597869873,
				-0.045784585177898407,
				0.38946259021759033
			]
		],
		"width" : 1280
	},
	{
		"fx" : 644.76507568359375,
		"fy" : 643.916015625,
		"height" : 720,
		"id" : 73,
		"img_name" : "1729768039.199025",
		"position" : 
		[
			0.82312828302383423,
			-0.58823972940444946,
			-1.2752742767333984
		],
		"rotation" : 
		[
			[
				0.4770607054233551,
				0.47625339031219482,
				-0.73864459991455078
			],
			[
				-0.17701274156570435,
				0.87529206275939941,
				0.45003369450569153
			],
			[
				0.86085981130599976,
				-0.083943873643875122,
				0.50187039375305176
			]
		],
		"width" : 1280
	},
	{
		"fx" : 644.76507568359375,
		"fy" : 643.916015625,
		"height" : 720,
		"id" : 74,
		"img_name" : "1729768039.898173",
		"position" : 
		[
			0.83939725160598755,
			-0.5652000904083252,
			-1.3029998540878296
		],
		"rotation" : 
		[
			[
				0.37062567472457886,
				0.45027416944503784,
				-0.81233614683151245
			],
			[
				-0.12079553306102753,
				0.89056491851806641,
				0.43852344155311584
			],
			[
				0.92089366912841797,
				-0.064401470124721527,
				0.38445731997489929
			]
		],
		"width" : 1280
	},
	{
		"fx" : 644.76507568359375,
		"fy" : 643.916015625,
		"height" : 720,
		"id" : 75,
		"img_name" : "1729768040.264961",
		"position" : 
		[
			0.83962357044219971,
			-0.54936957359313965,
			-1.3250052928924561
		],
		"rotation" : 
		[
			[
				0.24661079049110413,
				0.46887081861495972,
				-0.84814107418060303
			],
			[
				-0.10211343318223953,
				0.88287103176116943,
				0.45837917923927307
			],
			[
				0.96371990442276001,
				-0.026434652507305145,
				0.26560354232788086
			]
		],
		"width" : 1280
	},
	{
		"fx" : 644.76507568359375,
		"fy" : 643.916015625,
		"height" : 720,
		"id" : 76,
		"img_name" : "1729768040.665078",
		"position" : 
		[
			0.86114746332168579,
			-0.53787046670913696,
			-1.3471245765686035
		],
		"rotation" : 
		[
			[
				0.165829136967659,
